100
1 1 0.7
1997 2 0.99
2000 2000 0.001
2000 2000 0.000001
2000 2000 0.0
2000 768 0.01
1569 35 0.8862111833857929
498 17 0.6660710294092856
892 10 0.28131386120051505
36 2 0.22167501811428192
1715 722 0.5468255611701063
566 11 0.39618911365365506
1736 393 0.25564538382926105
1438 379 0.9747428862591951
847 50 0.5737635492789722
967 42 0.5304145688056877
652 33 0.6088935671910439
1988 1351 0.42401659173715567
274 44 0.5541732385622642
919 361 0.7802169755027356
352 21 0.13501798732841064
1315 1180 0.9368236817770151
1189 14 0.8528553781709812
1421 13 0.02805615574423137
1426 48 0.46052371630051925
945 1 0.9511478901027745
1115 1056 0.33289440877622645
973 7 0.7713024859089851
117 22 0.0618388495559512
584 32 0.8642857038445296
1126 639 0.4557397663664833
603 310 0.9423503816519582
1280 3 0.5850982347732976
939 832 0.9190598847071332
1985 24 0.7387483442687984
671 44 0.48499405376944194
1953 382 0.34107602350728516
1178 29 0.8992875464357921
189 17 0.769667889273674
1097 22 0.10386757860591678
1372 37 0.2762805742300929
1456 31 0.7392052650886318
1031 36 0.737378337936181
1618 17 0.6533508990813297
811 26 0.054254458160436614
1453 20 0.3061541293490072
1354 3 0.24905172118386998
1231 8 0.31748924859429517
786 31 0.8039493711049636
1032 47 0.4309237122279498
454 41 0.39244997549852534
488 181 0.7090945928448609
1822 28 0.8544662877911263
1349 24 0.714341723583848
375 25 0.032020377296135605
1298 38 0.8838266815607028
486 19 0.9863467435083646
664 204 0.008590815312058075
621 41 0.146133550573888
1758 9 0.07090083159227412
569 29 0.9375173915328482
596 5 0.35880822510127464
410 8 0.8389553194829411
793 551 0.029075991697158465
346 49 0.47575707931077094
972 30 0.21159787985434608
1467 36 0.5005546527305182
756 47 0.8855061883614106
797 12 0.5806950604822619
272 222 0.31220483715688574
118 25 0.5688394139461984
715 38 0.4031439295823651
1228 10 0.568086076515193
176 19 0.2280478417237246
1223 43 0.8381272439674087
1647 1497 0.4282321574950445
539 35 0.5022166463033849
1746 5 0.9046695536703199
480 174 0.4897744113559165
784 749 0.2801029261221738
1509 25 0.4709956591367368
1262 22 0.8285833286765185
1856 18 0.9929115021487187
817 221 0.3807736579557448
308 46 0.0017389163516754458
672 202 0.601134485993581
1715 39 0.17891813580290028
1593 471 0.6534652422083836
626 37 0.17616185322939115
934 816 0.202923847637005
613 21 0.44671392089112716
1863 25 0.4869059494309973
427 23 0.33805457683273865
704 18 0.3586320577151424
1940 1863 0.7460344072707973
1306 13 0.9151569325063708
574 4 0.1253388350288246
487 12 0.6175910228796524
1119 25 0.2250888156665194
597 29 0.37204734128895767
