50
8
287 579 750
287 579 750
523 416 177 556 226 122
1 549 113 759 431 894
449 386 771 29 665 845
563 718 271 359 241 134
4 383 208 948 181 867
680 364 198 914 649 990
302 76 908 215 94 150
375 533 676 416 892 825
3
100 100 100
301 300 1
200 100 200 100 200 100
100 100 200 300 300 0
100 100 200 100 100 100
4
2 2 2
1 1 1
2 2 2 5 3 9
5 3 9 2 3 2
2 3 2 14 6 4
14 6 4 1 1 1
0
35 688 240
212 9 442
2
423 628 244
424 629 243
420 628 245 423 628 244
425 630 242 424 629 243
2
10 10 10
11 11 12
9 11 12 11 11 12
10 10 10 10 11 13
50
2 0 0
1000 1 996
2 0 0 998 0 0
998 0 0 1000 2 0
1000 2 0 1000 999 0
1000 999 0 998 1000 0
998 1000 0 1 1000 0
1 1000 0 0 998 0
0 998 0 0 1 166
0 1 166 2 0 166
2 0 166 999 0 166
999 0 166 1000 2 166
1000 2 166 1000 999 166
1000 999 166 998 1000 166
998 1000 166 1 1000 166
1 1000 166 0 998 166
0 998 166 0 1 332
0 1 332 2 0 332
2 0 332 999 0 332
999 0 332 1000 2 332
1000 2 332 1000 999 332
1000 999 332 998 1000 332
998 1000 332 1 1000 332
1 1000 332 0 998 332
0 998 332 0 1 498
0 1 498 2 0 498
2 0 498 999 0 498
999 0 498 1000 2 498
1000 2 498 1000 999 498
1000 999 498 998 1000 498
998 1000 498 1 1000 498
1 1000 498 0 998 498
0 998 498 0 1 664
0 1 664 2 0 664
2 0 664 999 0 664
999 0 664 1000 2 664
1000 2 664 1000 999 664
1000 999 664 998 1000 664
998 1000 664 1 1000 664
1 1000 664 0 998 664
0 998 664 0 1 830
0 1 830 2 0 830
2 0 830 999 0 830
999 0 830 1000 2 830
1000 2 830 1000 999 830
1000 999 830 998 1000 830
998 1000 830 1 1000 830
1 1000 830 0 998 830
0 998 830 0 1 996
0 1 996 2 0 996
2 0 996 999 0 996
999 0 996 1000 1 996
50
0 0 0
1000 2 996
2 0 0 998 0 0
999 0 0 1000 1 0
1000 2 0 1000 998 0
1000 999 0 999 1000 0
998 1000 0 2 1000 0
1 1000 0 0 999 0
0 998 0 0 2 166
0 1 166 1 0 166
2 0 166 998 0 166
999 0 166 1000 1 166
1000 2 166 1000 998 166
1000 999 166 999 1000 166
998 1000 166 2 1000 166
1 1000 166 0 999 166
0 998 166 0 2 332
0 1 332 1 0 332
2 0 332 998 0 332
999 0 332 1000 1 332
1000 2 332 1000 998 332
1000 999 332 999 1000 332
998 1000 332 2 1000 332
1 1000 332 0 999 332
0 998 332 0 2 498
0 1 498 1 0 498
2 0 498 998 0 498
999 0 498 1000 1 498
1000 2 498 1000 998 498
1000 999 498 999 1000 498
998 1000 498 2 1000 498
1 1000 498 0 999 498
0 998 498 0 2 664
0 1 664 1 0 664
2 0 664 998 0 664
999 0 664 1000 1 664
1000 2 664 1000 998 664
1000 999 664 999 1000 664
998 1000 664 2 1000 664
1 1000 664 0 999 664
0 998 664 0 2 830
0 1 830 1 0 830
2 0 830 998 0 830
999 0 830 1000 1 830
1000 2 830 1000 998 830
1000 999 830 999 1000 830
998 1000 830 2 1000 830
1 1000 830 0 999 830
0 998 830 0 2 996
0 1 996 1 0 996
2 0 996 998 0 996
999 0 996 1000 1 996
2
800 300 500
300 500 300
300 500 300 700 900 400
800 300 500 770 800 400
7
0 0 0
12 10 15
1 0 0 11 20 30
2 1 0 6 11 15
3 2 0 13 22 30
4 0 0 9 10 15
5 10 0 15 30 30
6 8 0 21 38 45
7 0 0 12 10 15
19
464 151 528
920 377 918
679 982 705 863 76 642
459 926 761 18 416 511
547 375 667 744 399 427
913 225 958 953 6 594
997 343 905 465 123 826
859 614 951 959 80 843
335 406 617 583 943 169
458 145 656 210 85 514
772 828 865 685 996 259
679 877 533 709 146 389
395 430 625 456 182 504
976 259 205 741 660 133
801 431 392 99 71 751
978 99 102 296 392 658
910 547 398 283 982 83
237 586 302 17 2 985
168 403 295 833 967 378
725 22 263 391 562 405
266 151 642 879 737 881
10
607 887 44
926 642 669
933 764 175 148 468 739
737 286 54 834 936 601
606 520 739 602 690 397
893 846 285 423 774 711
827 121 890 747 73 888
278 524 770 261 227 461
329 584 147 16 447 12
894 972 153 216 524 274
811 454 306 41 449 925
763 897 174 411 687 758
27
284 336 549
556 880 496
111 128 106 685 724 384
860 537 265 317 580 323
9 110 714 660 457 295
454 660 411 602 418 179
695 749 249 367 538 366
317 415 687 941 772 259
689 952 245 3 671 343
371 1 151 110 124 864
67 30 718 127 264 537
405 972 144 297 71 162
36 300 971 331 112 213
272 854 379 249 356 786
315 58 968 796 251 27
393 577 464 851 783 949
265 494 667 776 71 436
446 835 559 642 369 999
522 822 95 434 984 355
430 42 450 746 264 30
907 567 34 330 355 646
266 552 176 675 884 329
622 525 996 155 58 275
835 315 381 397 353 83
190 560 742 138 885 279
802 65 854 954 659 884
310 928 792 777 116 822
730 577 188 795 32 128
638 338 405 309 862 886
42
401 209 833
828 454 670
497 163 510 306 219 522
849 756 34 688 897 211
313 725 99 715 355 565
833 518 138 0 386 462
373 435 153 58 546 972
437 33 842 602 684 544
738 316 545 227 563 938
890 499 511 349 784 259
446 566 502 255 313 844
810 874 146 526 159 86
451 934 899 566 230 938
317 762 14 212 118 860
71 381 956 84 361 389
758 803 944 486 856 201
243 130 448 114 15 985
445 753 902 934 574 653
187 691 514 153 717 157
901 140 12 159 294 540
243 553 558 307 119 11
685 224 709 944 758 890
876 168 634 659 327 882
913 160 228 468 959 253
968 416 35 903 931 422
115 563 65 324 565 26
638 79 682 675 806 429
25 224 533 254 593 819
953 859 141 371 483 604
376 527 875 366 326 577
906 277 917 871 617 66
675 67 817 142 528 598
103 207 857 324 762 825
332 198 781 850 559 166
584 46 236 218 320 542
365 680 241 983 4 366
165 379 228 194 132 678
222 203 53 48 917 707
630 686 144 481 806 724
90 461 786 493 712 431
997 927 886 571 407 410
258 528 304 710 184 895
966 954 667 575 660 788
917 571 61 941 3 109
24
468 88 891
356 784 892
474 692 500 388 442 236
730 158 75 53 204 552
686 623 40 499 646 382
495 855 416 656 322 210
552 508 664 384 745 195
534 235 454 828 28 992
569 363 375 51 863 204
814 63 674 575 69 175
406 297 895 507 918 756
759 289 840 670 224 594
149 722 23 277 112 243
109 560 807 919 232 672
38 924 658 101 365 971
751 301 372 514 34 161
48 764 208 128 338 200
372 661 503 6 332 590
918 230 470 57 338 469
95 915 445 600 621 874
721 390 137 218 300 833
202 612 447 711 727 383
781 178 871 669 162 139
736 995 410 823 504 168
668 212 367 854 275 939
217 849 477 848 631 837
7
656 98 399
47 72 800
114 544 275 510 883 375
872 331 10 785 332 71
157 872 416 5 14 972
317 690 421 691 52 250
717 331 148 252 294 942
833 910 688 178 722 830
60 467 494 935 567 738
6
539 986 95
116 727 887
386 377 377 843 562 903
140 399 99 650 691 38
513 810 370 920 182 536
111 995 273 959 215 968
557 695 75 678 295 53
457 711 174 877 307 403
24
253 340 995
343 339 863
339 797 219 392 470 36
992 600 327 824 268 80
87 461 877 195 931 244
867 28 480 457 791 64
852 358 910 788 12 516
136 798 101 110 486 415
490 476 348 992 584 282
98 318 838 190 460 554
981 771 541 129 226 720
655 888 76 151 892 591
442 857 874 535 922 920
321 681 516 25 818 162
495 121 683 481 874 849
927 990 720 262 90 510
528 966 167 36 28 708
930 534 91 859 703 787
827 969 33 59 617 769
797 151 531 568 944 27
550 995 510 818 54 407
509 429 291 122 35 386
903 805 229 844 165 979
753 858 260 641 98 120
788 386 332 387 715 281
868 704 130 982 468 377
26
195 958 352
764 689 78
294 562 466 465 202 100
613 46 817 323 593 974
463 598 426 847 180 668
288 136 192 244 547 625
820 169 163 212 903 808
647 569 700 214 518 46
4 649 302 658 914 266
617 172 290 83 838 118
441 916 167 7 984 598
656 160 159 632 892 346
67 421 606 840 484 338
403 614 877 209 207 127
247 224 769 571 229 892
747 494 670 437 488 445
531 930 589 636 560 537
755 685 638 503 215 128
75 861 235 800 441 410
818 116 686 208 738 986
415 685 485 373 189 466
489 500 624 219 288 294
888 94 913 989 919 883
809 672 306 589 114 229
320 944 920 325 38 345
469 985 808 774 867 924
617 545 17 937 35 141
941 584 497 967 562 901
33
584 314 64
517 876 679
778 405 651 817 650 466
366 35 958 772 24 721
61 607 824 710 117 403
782 827 951 278 388 432
636 324 345 404 846 918
557 923 75 368 850 785
595 160 344 759 432 902
994 664 667 826 617 431
127 373 591 404 874 949
520 533 926 403 394 900
361 190 122 252 258 424
923 800 936 257 685 585
640 95 333 135 68 184
198 953 158 985 589 653
150 604 73 149 209 255
466 424 850 345 146 792
979 344 146 496 627 3
369 703 339 878 429 667
756 320 857 896 136 305
829 666 432 502 167 93
76 982 73 305 798 830
959 950 659 716 774 384
964 182 434 418 873 982
301 420 362 329 200 907
602 322 103 489 13 115
446 193 958 651 27 728
538 884 579 223 993 460
376 316 996 776 722 272
499 166 745 960 881 746
702 100 844 79 900 211
863 417 443 49 74 735
209 143 96 145 888 260
704 591 412 203 187 891
43
420 943 298
732 280 146
777 506 733 272 63 612
306 917 435 194 25 617
823 590 913 291 508 55
167 549 229 72 979 324
919 511 248 228 672 49
89 549 780 478 153 52
843 996 223 606 36 104
497 203 561 498 220 83
227 217 73 571 862 356
820 682 964 850 246 736
589 199 332 17 996 507
970 983 958 879 227 650
974 58 350 559 859 147
217 172 276 404 931 610
863 407 604 432 505 311
131 524 178 545 971 235
533 57 498 632 51 116
492 88 186 787 727 468
338 397 433 846 953 714
588 51 247 95 632 306
320 576 219 896 478 704
14 118 593 969 440 706
264 799 437 569 330 481
21 957 32 784 425 80
737 744 83 834 686 851
593 502 651 812 46 218
755 195 794 540 959 513
817 688 868 718 321 884
587 658 130 745 334 782
683 885 395 262 217 705
775 746 775 850 624 162
240 983 81 330 494 299
721 688 158 717 155 62
84 755 697 271 944 933
203 332 779 908 338 137
356 724 539 829 540 224
919 483 647 134 162 368
930 350 262 778 932 711
576 381 434 871 259 78
104 944 608 604 777 276
226 516 493 18 199 706
31 199 688 337 697 625
407 900 574 271 484 147
11
758 124 798
192 171 272
253 986 720 232 26 880
700 826 247 559 788 183
375 141 963 726 227 28
244 258 503 836 990 297
298 719 734 980 458 879
385 928 252 960 161 420
547 337 821 121 560 977
560 392 310 732 482 885
89 362 677 765 631 593
760 343 170 785 193 391
244 560 815 660 926 880
40
380 161 595
808 661 992
480 694 708 790 96 907
750 31 623 825 407 762
964 380 982 691 9 489
816 730 935 376 430 887
831 836 634 679 704 208
173 563 162 137 761 488
672 236 549 322 309 376
173 792 341 669 523 581
832 161 309 393 675 878
280 121 131 146 717 746
967 43 416 204 793 426
939 298 14 226 333 631
116 615 882 685 666 192
703 402 494 562 157 67
21 566 120 852 573 908
128 114 846 163 289 434
377 948 651 422 6 555
384 516 810 499 762 362
958 229 421 860 216 737
771 654 614 903 775 657
924 203 529 163 115 839
187 286 964 440 842 701
325 231 892 164 348 969
273 851 97 5 718 357
637 554 818 81 598 607
277 829 675 974 196 668
263 614 604 482 702 746
752 199 162 253 869 378
250 518 183 681 845 158
9 795 497 84 614 508
951 937 411 993 31 221
722 822 147 402 996 863
158 821 930 37 182 525
321 821 220 13 894 529
129 465 564 624 575 230
760 784 81 230 509 971
165 441 960 508 894 837
883 65 866 988 501 471
745 15 665 501 24 756
14 111 566 815 241 145
43
610 29 160
664 688 492
892 711 322 230 817 60
870 203 445 145 440 670
234 368 164 400 511 603
806 186 336 247 435 465
64 27 682 503 243 737
410 163 561 515 685 768
819 24 620 927 256 154
995 494 110 443 554 23
20 452 543 162 691 759
359 462 292 48 128 964
203 39 683 757 69 626
676 423 584 650 471 905
77 205 106 888 770 201
810 201 510 240 490 128
895 466 157 738 994 199
480 527 236 600 516 728
663 548 209 610 451 187
419 983 489 318 109 890
860 932 770 186 267 681
375 277 790 39 904 811
896 207 6 531 266 582
425 795 854 738 656 509
553 420 675 348 0 36
730 175 326 444 889 491
120 656 451 638 490 229
406 195 835 692 832 678
910 372 472 240 785 346
794 515 581 77 508 147
224 480 844 816 2 786
905 800 431 589 64 150
771 903 674 628 558 854
329 414 677 919 546 445
843 220 993 942 810 480
351 330 306 661 474 297
442 208 747 144 329 64
471 986 721 316 645 556
775 406 739 577 436 329
907 693 527 150 660 965
366 450 142 770 599 38
50 775 2 380 698 316
208 698 903 127 637 642
161 862 465 756 53 273
115 704 965 206 559 364
46
830 750 458
928 609 591
330 910 595 175 858 805
542 460 267 889 191 163
752 185 850 422 447 149
24 665 231 319 443 247
276 622 296 602 33 710
869 84 573 61 51 172
798 541 398 464 73 816
507 696 241 280 475 60
836 160 151 267 526 44
641 103 482 398 340 731
407 545 307 616 430 177
398 756 923 717 983 831
569 753 437 20 710 334
825 461 34 117 408 786
224 225 611 707 11 241
106 377 428 892 524 143
754 859 116 324 738 639
333 887 232 514 955 212
289 529 850 685 86 816
879 486 818 745 783 817
817 131 103 737 707 211
319 961 392 137 423 243
997 525 90 414 682 978
472 781 420 564 349 311
406 960 108 980 751 320
495 737 528 987 661 730
22 813 296 886 249 224
36 428 418 162 428 643
54 655 907 66 884 137
196 246 467 527 487 446
757 786 544 932 444 865
623 26 974 959 719 681
594 528 186 180 650 817
213 486 625 504 18 879
76 657 824 777 726 411
901 77 452 633 972 889
786 393 302 307 889 205
623 728 623 895 878 266
485 402 427 34 680 1000
972 405 538 229 955 868
820 293 605 797 175 795
118 232 185 470 679 794
968 5 164 962 268 125
406 253 330 880 837 289
638 449 176 344 736 868
584 716 989 778 371 213
3
683 906 90
439 207 852
15 697 556 231 41 253
721 114 90 918 932 910
157 423 563 345 306 87
48
207 548 770
769 870 825
463 472 391 705 504 115
737 825 495 901 301 779
409 896 411 944 275 861
988 684 85 267 832 461
237 76 306 680 927 101
312 485 385 636 553 303
743 555 19 680 618 273
542 816 228 824 31 279
936 759 702 552 675 776
205 428 592 761 78 813
634 417 334 104 480 737
342 203 423 421 351 152
316 696 174 550 677 153
547 192 412 917 642 809
362 904 66 426 95 945
417 585 915 302 137 609
60 459 969 182 460 92
805 704 230 833 74 313
257 750 133 993 904 483
277 866 810 639 131 668
251 318 146 376 323 662
872 154 455 894 454 93
422 618 572 708 52 86
632 796 309 713 579 42
269 377 125 733 798 954
553 4 413 79 498 357
880 352 281 575 606 79
416 726 767 163 912 719
424 942 856 725 578 625
551 830 238 451 169 508
92 880 498 819 301 904
847 794 255 54 583 99
899 782 119 921 349 701
354 990 93 575 731 791
19 55 104 310 878 897
527 116 568 817 972 179
788 176 690 597 204 414
611 303 262 537 766 937
158 954 147 247 313 691
825 825 859 316 446 483
313 913 372 300 583 108
893 226 925 450 878 123
254 416 200 321 503 933
43 60 323 587 959 706
500 629 144 224 907 471
950 230 684 612 101 860
597 851 417 820 218 185
100 229 633 13 827 300
45
147 911 475
355 651 830
350 135 710 240 630 110
583 417 395 369 181 752
141 46 971 513 441 159
714 611 572 462 7 495
114 54 731 652 373 645
272 367 439 915 834 565
854 367 227 588 118 447
297 675 772 463 534 793
329 4 466 212 163 181
181 874 316 951 649 164
318 212 598 198 292 160
329 82 54 584 237 909
418 416 784 449 656 852
314 577 881 799 443 489
164 242 675 687 348 333
563 502 864 698 986 674
299 464 50 116 163 989
718 537 25 155 524 54
212 307 615 231 300 661
941 287 946 36 619 346
0 275 368 673 414 620
449 815 195 598 728 465
563 687 295 614 465 142
621 287 859 888 332 730
483 306 525 443 386 85
13 845 117 26 979 680
338 859 348 510 581 666
569 753 16 472 624 768
392 922 812 430 757 738
274 491 176 824 253 771
423 470 853 891 558 103
367 817 337 415 329 971
691 504 100 40 835 883
139 884 171 818 125 175
801 462 727 447 360 712
148 290 854 518 517 298
400 630 846 213 56 401
524 433 418 338 271 674
316 521 65 112 709 901
791 785 854 741 275 369
905 149 922 705 390 739
389 619 404 927 608 623
948 286 986 99 581 683
801 402 412 600 667 132
543 204 408 519 237 210
43
444 458 528
951 142 959
8 742 37 715 355 508
475 391 401 384 346 444
501 779 723 660 762 759
666 169 187 351 298 473
579 126 100 596 227 500
126 252 997 867 505 824
405 104 163 47 677 948
171 492 600 511 495 359
136 456 240 625 456 430
625 271 2 935 81 213
647 190 814 530 867 456
127 776 36 938 592 483
649 657 895 444 288 618
796 996 644 180 198 326
724 805 754 769 702 233
771 175 483 729 477 676
195 225 801 626 272 76
968 29 696 684 110 531
280 387 21 921 565 914
965 145 33 144 106 21
845 97 770 206 255 883
228 491 163 800 106 150
36 895 848 898 547 87
880 11 847 367 249 277
343 709 558 749 212 39
945 736 656 55 720 41
87 698 10 253 992 844
438 800 246 113 429 545
20 753 194 944 222 221
842 175 646 436 347 179
600 660 288 270 796 649
379 818 733 975 820 512
623 440 398 913 153 83
93 284 24 589 661 207
250 821 305 120 675 793
76 682 9 674 82 862
983 262 947 723 858 996
196 149 658 715 432 171
933 322 204 152 804 966
464 770 298 597 390 691
725 561 113 800 939 398
617 125 862 176 640 889
565 491 946 669 538 727
35
305 526 304
147 23 436
408 560 213 400 140 456
462 995 105 976 695 45
217 198 786 132 893 517
537 173 869 129 763 983
588 293 58 730 490 626
973 581 539 130 499 665
45 72 185 646 131 84
741 853 242 63 672 911
705 555 375 244 689 288
100 673 851 466 388 540
617 206 893 475 271 275
990 932 12 875 213 109
692 778 346 723 221 553
954 364 508 971 240 867
380 932 385 183 132 429
929 738 235 108 354 178
251 973 724 668 197 676
179 651 443 581 47 69
702 530 632 572 870 801
998 180 222 263 658 170
998 160 700 736 492 252
720 73 547 277 932 126
806 817 918 177 141 707
833 823 441 46 277 657
348 726 687 149 561 164
849 804 90 554 58 663
169 551 516 611 598 760
805 746 947 777 651 294
407 831 734 151 67 260
19 150 58 141 911 601
291 424 574 455 507 814
913 713 968 456 38 311
401 223 523 809 728 28
406 619 725 96 651 416
988 612 786 616 489 486
24
498 571 226
193 629 433
90 180 726 47 747 217
2 954 641 518 341 604
144 698 340 703 376 442
400 559 238 794 524 573
821 347 466 803 872 106
147 23 362 490 37 806
583 740 324 950 361 998
263 979 152 454 24 569
793 251 763 486 638 286
372 999 648 666 576 852
768 310 587 523 582 148
564 927 789 404 476 720
560 715 800 49 146 189
677 936 475 94 764 493
600 523 58 786 987 279
368 524 657 199 961 658
57 339 147 652 404 740
208 423 935 989 130 908
135 436 53 800 572 691
223 229 363 18 498 95
704 309 133 285 95 612
655 260 93 589 141 327
474 870 73 488 661 978
288 891 158 420 216 795
25
550 742 432
40 32 506
298 83 75 438 239 188
141 613 145 877 471 259
185 95 625 923 311 589
193 319 173 632 985 348
703 531 299 163 338 286
308 907 296 653 228 910
347 570 677 768 246 620
562 655 381 710 910 654
191 695 277 685 623 967
773 805 204 409 267 293
344 215 64 917 89 261
155 256 905 638 218 731
992 937 655 275 279 649
315 205 529 780 20 913
894 415 646 435 883 506
323 860 916 573 229 761
586 402 616 550 266 27
914 723 938 494 212 439
990 926 981 804 263 422
628 501 781 180 370 129
483 13 952 739 754 151
935 545 681 787 647 754
812 350 373 759 643 888
75 688 157 279 714 467
569 177 250 72 810 776
26
636 414 471
592 409 203
462 255 379 563 176 700
502 180 171 211 85 803
790 425 871 988 471 352
741 795 24 744 777 95
628 732 619 503 527 216
674 909 650 191 750 289
447 42 123 733 243 858
860 629 329 987 488 547
825 373 706 658 72 696
946 433 936 988 968 1
951 167 627 735 669 917
142 598 924 399 925 288
987 600 95 477 731 489
279 289 27 765 220 687
505 695 993 652 773 432
357 840 898 238 868 923
695 263 909 980 953 853
718 85 220 894 830 729
209 372 69 841 162 139
415 912 785 851 572 210
450 229 55 133 421 5
965 500 798 460 397 993
723 983 598 12 145 906
575 921 95 746 851 48
12 90 444 811 100 565
975 46 115 753 984 934
11
413 175 943
859 124 318
830 348 268 969 82 573
325 994 124 236 598 134
248 602 816 480 496 68
551 788 674 614 16 30
241 717 607 407 91 741
498 368 136 185 724 826
151 409 406 836 574 622
251 533 816 988 980 962
162 682 106 798 537 597
345 604 247 197 14 438
301 707 944 103 77 415
40
280 896 386
277 123 552
282 71 605 950 306 823
93 776 514 628 137 601
871 304 446 852 441 678
381 866 89 674 58 655
864 556 342 35 41 486
581 514 418 425 944 699
64 530 585 18 166 393
696 208 11 878 692 412
430 844 397 669 207 748
122 279 82 985 942 806
949 809 330 468 791 891
522 261 685 843 657 477
964 568 770 169 215 896
177 748 367 786 665 101
537 309 157 578 663 731
218 685 206 296 813 609
363 715 277 509 305 929
284 91 917 486 967 119
408 704 1000 397 943 896
593 218 133 73 874 472
827 953 35 363 157 576
985 194 182 515 957 782
811 487 691 840 910 164
358 112 602 101 329 120
848 13 290 151 290 67
949 487 238 472 770 967
381 408 744 677 519 247
207 923 140 121 101 689
157 78 880 467 500 507
462 656 531 8 275 772
471 621 402 324 86 171
336 538 920 480 617 84
258 405 915 558 819 945
735 779 902 178 992 875
352 395 141 727 220 614
449 601 470 604 215 675
406 635 462 749 760 468
695 644 532 485 797 641
762 457 55 871 369 161
577 738 66 963 103 291
8
516 308 968
830 917 205
291 659 53 224 883 567
329 818 672 611 689 243
232 313 645 262 35 958
992 94 774 558 68 898
49 212 674 405 425 519
229 145 300 551 359 816
56 661 858 8 694 41
886 405 540 541 356 44
29
703 673 985
864 362 396
941 200 452 915 76 406
841 967 138 775 115 630
588 687 254 490 155 832
29 817 536 203 780 907
575 332 965 265 323 150
488 890 830 444 348 762
393 141 610 557 237 547
30 727 315 228 930 349
950 430 84 555 587 830
426 955 758 897 386 159
720 384 525 431 898 240
938 515 391 812 568 911
321 279 199 199 732 131
372 551 72 936 902 214
42 782 984 603 724 536
88 594 478 525 999 759
26 307 359 588 527 969
52 167 211 778 577 420
309 76 350 757 620 30
505 904 10 211 354 772
579 13 124 428 992 592
979 655 702 382 614 91
399 189 914 681 47 565
240 989 282 443 947 972
798 6 628 941 567 348
383 809 402 808 177 162
406 758 934 364 331 223
582 662 710 987 692 260
908 691 715 374 927 37
2
600 852 400
358 305 349
32 654 356 490 563 511
207 512 701 841 271 795
43
278 549 485
977 26 657
685 806 553 808 92 59
54 742 252 873 19 347
387 505 530 463 859 765
172 403 909 203 536 835
262 125 370 945 536 285
328 309 201 476 156 434
974 331 891 754 127 336
314 749 202 441 453 949
984 698 434 797 401 996
328 754 243 354 942 572
178 206 702 325 588 748
849 703 148 773 217 40
950 333 708 730 147 238
480 23 804 630 507 652
651 864 850 404 906 448
502 511 198 122 110 724
901 972 211 15 845 119
913 111 474 673 69 503
992 547 85 139 964 257
479 731 90 988 165 507
633 97 248 285 63 655
795 929 999 862 642 619
480 898 818 883 912 303
554 986 772 67 197 120
313 393 522 804 61 551
129 61 832 290 582 197
395 85 948 501 660 821
196 754 429 654 701 231
378 447 748 760 872 573
496 514 654 919 339 430
232 576 988 518 991 77
867 907 680 7 625 131
957 502 651 50 61 421
503 790 567 977 51 274
371 207 958 216 735 966
864 969 242 37 243 208
994 563 448 267 238 243
919 881 880 628 836 168
13 445 811 5 690 49
314 304 634 13 648 325
504 365 217 858 608 197
751 16 676 174 908 406
435 4 377 667 205 60
10
699 720 158
590 435 660
982 730 664 147 722 763
262 598 337 896 130 876
214 84 313 638 153 583
61 153 302 672 7 619
113 673 310 191 405 170
303 526 383 970 160 614
790 928 135 96 433 235
181 28 986 134 128 299
318 325 159 504 607 516
1 92 124 666 134 42
45
472 301 157
534 570 800
296 682 739 351 514 731
101 796 131 250 971 575
210 72 513 653 794 764
836 579 497 270 473 424
769 14 490 637 178 18
570 253 600 410 555 480
51 272 842 417 243 932
948 533 616 647 320 604
740 149 186 983 484 634
806 441 279 628 24 340
154 598 400 553 922 318
545 374 88 761 492 663
566 743 58 570 260 619
220 512 940 82 423 511
601 523 630 604 670 472
663 813 22 349 21 62
735 119 982 524 934 500
215 101 849 32 541 121
446 659 755 902 581 490
620 504 667 35 238 884
256 548 12 630 780 38
308 675 934 179 782 681
822 587 13 267 40 879
740 915 349 535 545 153
412 815 238 587 394 880
575 449 845 856 177 591
418 751 692 279 425 58
306 715 160 358 669 935
193 450 206 649 570 374
552 586 953 178 545 155
256 441 813 560 272 372
495 25 105 777 46 461
963 291 396 732 22 75
950 639 616 589 57 919
954 158 593 793 969 787
283 117 617 94 178 718
173 273 516 338 622 734
821 465 246 424 674 439
902 872 61 445 279 672
583 393 640 486 103 223
178 602 590 880 98 779
25 55 14 409 234 818
46 953 436 401 257 307
84 756 705 946 336 966
465 703 103 242 378 577
7
13 222 241
165 592 201
814 160 986 371 24 570
686 689 104 917 704 850
620 687 681 998 1 199
639 675 663 71 811 84
523 676 70 880 148 690
632 181 960 420 99 457
736 101 395 275 76 780
41
595 669 703
407 504 938
355 242 778 109 432 551
652 796 57 407 536 996
499 345 168 743 494 304
901 753 41 186 381 112
172 258 869 414 808 679
853 800 247 664 419 21
231 194 14 1000 819 724
892 356 493 35 538 21
1 226 774 353 476 888
120 182 258 620 192 762
675 419 575 962 751 927
668 905 464 177 445 880
672 243 937 604 316 201
539 797 815 852 872 605
844 969 74 617 861 231
824 97 769 579 349 575
130 458 927 136 191 323
129 574 770 787 161 79
768 31 157 292 636 425
240 342 665 837 478 990
344 765 602 70 391 264
502 256 232 605 78 561
888 767 965 119 222 119
21 503 474 137 242 257
823 594 952 385 522 396
660 240 754 216 31 636
974 91 751 34 942 412
894 345 55 130 627 206
859 517 655 634 807 546
881 546 461 802 139 18
296 842 717 59 206 109
628 334 623 806 205 541
879 636 686 70 74 947
872 184 238 616 854 180
54 938 17 929 693 938
268 711 645 720 457 518
520 957 506 832 910 148
611 452 351 20 208 87
310 346 104 313 916 483
269 961 836 139 322 159
289 230 670 92 733 221
29
945 112 967
224 705 922
961 847 180 550 814 811
108 474 973 179 275 954
958 885 318 776 853 321
296 478 391 318 172 219
738 116 62 130 2 871
477 548 561 675 819 5
542 848 62 226 166 466
924 681 227 731 779 418
660 760 265 15 12 855
819 478 665 102 356 841
786 408 904 31 349 736
332 285 25 322 188 33
387 159 290 711 666 849
962 399 249 234 679 516
213 874 483 92 450 524
715 269 363 261 510 755
675 793 1 942 654 796
386 271 897 834 838 203
915 509 744 863 909 54
908 23 532 443 164 577
896 500 306 84 804 161
374 291 952 235 110 718
903 542 816 590 679 256
970 371 215 674 667 132
270 371 391 838 76 889
643 362 714 713 705 739
167 232 169 693 24 819
896 990 108 944 746 511
621 446 780 251 994 717
30
628 290 546
208 591 912
818 950 28 323 94 276
855 704 337 442 41 772
669 735 475 481 153 651
290 937 983 60 713 691
387 660 36 495 778 893
572 718 402 90 780 903
763 803 865 318 664 154
233 989 523 588 178 387
993 559 18 848 570 555
721 851 21 349 729 467
969 506 300 673 901 18
188 696 206 368 893 272
569 468 31 484 228 693
589 857 107 654 984 506
837 467 848 446 17 991
432 587 850 948 351 603
447 858 159 559 713 480
902 149 668 780 355 454
491 506 140 363 367 124
277 173 406 210 39 467
544 381 145 21 351 528
435 383 65 382 176 764
65 459 71 54 175 9
826 94 874 893 899 839
526 254 642 644 197 413
621 753 510 697 309 958
226 783 718 573 957 731
777 52 463 62 442 80
494 132 560 463 39 576
523 949 117 783 590 930
49
181 569 74
776 660 225
105 923 540 398 321 31
388 284 933 718 363 801
8 63 969 212 597 249
822 459 611 612 495 753
178 238 593 16 465 625
948 727 420 705 241 532
505 673 403 788 236 682
885 819 274 438 222 270
874 113 384 393 761 824
74 487 853 113 460 19
811 475 859 93 104 24
502 109 129 781 866 377
917 935 980 440 166 640
758 601 628 581 699 947
383 556 198 735 161 831
330 567 673 847 214 224
841 145 937 376 969 44
631 623 104 715 455 516
293 744 148 240 15 197
326 637 769 509 889 128
729 204 742 847 379 579
527 54 286 10 224 414
469 464 290 306 401 111
458 698 286 717 449 439
125 588 637 66 50 436
114 342 527 453 733 758
354 292 411 226 804 372
418 962 885 140 394 402
443 487 601 571 756 513
246 959 346 220 765 378
957 539 630 708 52 261
587 670 701 107 242 3
462 157 525 492 681 297
931 309 693 178 346 44
508 411 933 612 980 387
793 955 848 131 84 65
748 91 850 437 37 610
67 447 262 89 315 537
176 558 45 334 495 413
631 983 992 609 250 60
107 464 193 371 977 531
362 868 686 740 574 664
575 68 767 829 640 566
389 262 437 478 15 419
378 508 753 108 15 61
73 853 697 399 527 590
10 224 190 545 491 151
829 215 454 895 469 302
194 777 500 291 426 321
23
128 607 297
492 119 698
568 446 727 980 464 380
417 805 260 977 100 515
471 456 977 328 368 206
821 683 76 118 784 396
87 882 872 982 820 500
93 683 122 867 145 51
253 559 197 422 909 918
974 271 361 71 875 195
591 828 307 261 605 247
760 536 793 256 397 893
250 923 118 595 497 827
96 743 923 533 766 400
564 341 149 102 558 320
131 480 713 162 74 967
163 492 673 866 997 136
510 621 86 283 180 744
84 595 132 737 697 126
653 278 896 306 504 113
680 386 779 370 395 427
490 463 334 380 236 382
580 815 65 888 583 610
302 87 988 254 667 927
610 455 525 359 253 456
21
345 290 741
429 393 520
892 899 29 851 922 498
454 774 806 191 660 438
821 930 435 367 985 520
34 502 133 893 739 318
109 654 203 202 152 275
258 167 785 793 795 226
436 170 469 438 574 775
200 723 348 576 912 20
607 707 472 271 697 60
570 11 615 404 132 44
937 363 930 819 461 225
235 615 610 195 727 589
502 192 369 73 19 697
660 234 361 488 459 366
315 319 587 639 948 711
545 64 468 101 969 835
806 483 904 947 820 580
586 179 117 289 175 116
190 840 801 867 945 658
384 536 717 408 874 306
558 41 1000 192 927 20
5
161 904 6
427 289 701
467 862 122 567 616 580
161 120 26 643 695 803
93 420 824 393 204 885
558 470 145 622 351 312
791 98 299 942 555 742
23
959 459 468
577 339 903
546 131 608 391 137 1
659 542 389 820 34 679
716 293 629 169 787 10
688 484 768 523 376 629
584 973 443 195 312 469
239 799 342 749 865 69
587 415 305 673 875 152
225 97 626 914 504 7
45 2 697 84 382 341
342 138 227 9 459 177
444 275 609 847 92 971
649 333 606 4 633 366
591 236 386 465 805 726
931 909 295 579 308 249
207 217 314 318 474 937
340 841 451 46 805 717
578 670 644 982 326 617
928 258 989 272 967 232
396 596 216 338 214 720
827 328 354 529 17 904
896 867 262 889 101 690
919 692 294 574 90 979
855 469 395 533 129 495
